29 25 359 25 359 45 29 45
461 21 733 21 733 39 461 39
58 38 334 38 334 158 58 158
460 30 740 30 740 150 460 150
6 124 796 124 796 270 6 270
14 262 380 262 380 340 14 340
157 589 229 589 229 601 157 601
414 511 783 511 783 603 414 603
117 597 273 597 273 615 117 615
452 604 746 604 746 630 452 630
47 669 331 669 331 689 47 689
42 678 340 678 340 804 42 804
475 651 747 651 747 765 475 765
0 736 796 736 796 932 0 932
461 871 787 871 787 889 461 889
0 914 390 914 390 986 0 986
85 985 173 985 173 997 85 997
48 994 210 994 210 1018 48 1018
415 1173 796 1173 796 1259 415 1259
482 1258 744 1258 744 1282 482 1282
